/gps_slam_converter:
  ros__parameters:
    is_virtual_map: true
    virtual_map_x: 520
    virtual_map_y: 300
    virtual_map_width: 1048
    virtual_map_height: 602
    virtual_map_distance_per_pixel: 0.05
    virtual_map_point_lon: 128.858427988
    virtual_map_point_lat: 35.158463143
    virtual_lb_point_lon: 128.858009083
    virtual_lb_point_lat: 35.157430158
    virtual_rt_point_lon: 128.858870603
    virtual_rt_point_lat: 35.158056682
    slam_map_width: 2080
    slam_map_height: 1200
    intersection_start_point_lon: 128.858009083
    intersection_start_point_lat: 35.157430158
    intersection_end_point_lon: 128.858870603
    intersection_end_point_lat: 35.158056682
    lb_point_lon: 128.8575686001505289
    lb_point_lat: 35.1574301543503580
    rt_point_lon: 128.8588706034498728
    rt_point_lat: 35.1584631433985280